94774029689
94771300144
94772317983
94778653047
94777432361
94554934113
94664933073
94776969193
94633730710
94474931492
94472223724
94634929114
94776294772
94765315308
94775655700
94632050077
94772073215
94775713247
94717696603
94342264875
94771085897
94777383285
94772222848
94217914377
94772320163
94362231202
94777367779
94777306821
94812376044
94778496692
94253241767
94372227200
94773447205
94412292844
94472254048
94776466690
94262220461
94771938324
94272250406
94773707601
94777953304
94472239830
94273283950
94771837323
94783829683
94777723571
94718398749
94263121462
94766753660
94714686749
94273279797
94777363875
94716489801
94773418637
94777115112
94773065130
94714830670
94252257049
94768373493
94632248325
94455101261
94662250145
94272250478
94774503822
94772952045
94555781829
94372235471
94777198105
94776280797
94552273876
94712969695
94472285788
94776414860
94254939059
94712314850
94214927609
94342268400
94112606329
94552265891
94773886069
94727389979
94472251845
94274907111
94719146693
94771622222
94255674020
94717446890
94763086934
94717374258
94779789986
94773650656
94713481416
94767600472
94777189533
94772587425
94522278085
94777781857
94716085861
94775721067
94770077771
94252249123
94773534869
94777800754
94342242160
94812365376
94775652130
94812265376
94776134802
94777296397
94273273113
94703006915
94374937409
94453456431
94662222599
94372063020
94768250444
94272248295
94775398117
94717862810
94272250021
94716866783
94275670523
94272247164
94262054543
94255636118
94652251006
94759380997
94372264033
94372264541
94635681827
94272250108
94771941117
94774781559
94771017762
94212255359
94253670089
94774017923
94717697112
94766109714
94773632879
94778835110
94262234205
94252281052
94775162051
94770230904
94776321258
94716582676
94717291669
94716866783
94252269754
94255620004
94715177252
94254650666
94777405788
94767229415
94724083489
94773585020
94777689199
94767354564
94713282323
94775721067
94774547728
94703524287
94253899280
94716006171
94662250322
94112297268
94714663131
94778205237
94772960996
94772341021
94777068970
94776986907
94272227791
94272055044
94777481441
94702945016
94632244148
94773661681
94455673376
94773774272
94717185290
94770752221
94772587425
94712207001
94717261935
94312255466
94769378909
94776673841
94771363884
94703524326
94773886069
94452288922
94112891391
94724726983
94452289526
94728325259
94768821123
94255673355
94777618708
94773886069
94662287424
94772527295
94779355665
94112434231
94778253153
94773575195
94773400011
94771498999
94112908683
94272246236
94779607271
94212211725
94767963550
94718298201
94763456449
94322265542
94771265425
94777457573
94272242144
94272227788
94777115112
94788424755
94722078080
94710665787
94232251774
94770689499
94112931730
94703524270
94703524272
94703524273
94703524275
94703524274
94703524278
94703524279
94703524276
94703524277
94703524280
94703524283
94703524282
94703524281
94703524284
94703524287
94703524286
94703524285
94703524288
94703524289
94703524290
94703524291
94703524292
94703524296
94703524294
94703524293
94703524295
94703524299
94703524298
94703524297
94703524300
94703524304
94703524301
94703524302
94703524307
94703524305
94703524303
94703524306
94703524310
94703524309
94703524308
94703524311
94703524314
94703524312
94703524313
94703524316
94703524315
94703524318
94703524319
94703524317
94703524320
94703524322
94703524321
94703524323
94703524324
94703524327
94703524328
94703524325
94703524326
94703524329
94703524331
94703524330
94703524332
94703524334
94703524333
94703524335
94703524338
94703524336
94703524337
94703524339
94703524341
94703524342
94703524340
94703524343
94703524344
94703524346
94703524345
94703524349
94703524347
94703524348
94703524350
94703524353
94703524352
94703524351
94703524354
94703524355
94703524358
94703524357
94703524356
94703524359
94703524363
94703524361
94703524360
94703524366
94703524364
94703524362
94703524368
94703524369
94703524365
94703524367
94703524370
94703524371
94703524372
94703524373
94703524375
94703524374
94703524377
94703524380
94703524379
94703524381
94703524376
94703524378
94703524383
94703524385
94703524386
94703524384
94703524382
94703524387
94703524388
94703524392
94703524390
94703524389
94703524394
94703524395
94703524391
94703524393
94703524396
94703524398
94703524400
94703524401
94703524397
94703524399
94703524402
94703524405
94703524406
94703524403
94703524404
94703524407
94703524409
94703524410
94703524408
94703524412
94703524413
94703524411
94703524414
94703524416
94703524417
94703524271
94703524415
94703524419
94703524418
94703524420
94815730526
94815659760
94815610323
94789977074
94789934185
94789891184
94789864250
94789791607
94789790998
94789790170
94789768048
94789743071
94789739120
94789731471
94789716859
94789690700
94789607799
94789586560
94789578667
94789504785
94789469095
94789449206
94789352449
94789330799
94789190130
94789155561
94789103903
94789049235
94789009879
94789006899
94789006674
94789000386
94788968177
94788932981
94788928388
94788872952
94788753907
94788740021
94788702953
94788617577
94788574640
94788573177
94788546467
94788540848
94788538796
94788404849
94788402299
94788341625
94788325457
94788316756
94788269135
94788216969
94788185293
94788182548
94788180943
94788082849
94788062420
94787543223
94787407370
94787363115
94787300001
94787280594
94787280176
94787243314
94787142530
94787126631
94786993229
94786767418
94786753859
94786730999
94786730459
94786730070
94786717991
94786650718
94786645885
94786644111
94786632386
94786596917
94786563521
94786554249
94786469420
94786427023
94786423960
94786277976
94786244946
94786162039
94786161006
94786139941
94786032400
94786024500
94785978806
94785779870
94785763200
94785732217
94785727823
94785635128
94785527853
94785524852
94785506673
94785423624
94785354085
94785346311
94785320498
94785308494
94785296038
94785245201
94785241719
94785238434
94785238434
94785230908
94785189344
94785147979
94785143206
94784965180
94784962392
94784943079
94784940755
94784940263
94784871007
94784866796
94784858207
94784843996
94784810849
94784802110
94784665676
94784645151
94784624952
94784618653
94784617488
94784612319
94784584130
94784539161
94784527053
94784500361
94784481267
94784457454
94784377768
94784048074
94783930211
94783903612
94783892131
94783834343
94783787453
94783754666
94783685653
94783640739
94783598996
94783575412
94783572865
94783558875
94783475929
94783467042
94783466458
94783452323
94783441010
94783436508
94783346762
94783334873
94783294173
94783294173
94783277409
94783244674
94783199514
94783171437
94783150266
94783149202
94783148366
94783141460
94783127656
94783037307
94783034665
94783031112
94782990779
94782938842
94782938360
94782930612
94782902006
94782685507
94782671233
94782536828
94782522400
94782464582
94782434615
94782434615
94782434615
94782014027
94782007076
94781877024
94781499969
94779971379
94779967906
94779951955
94779919297
94779917164
94779915841
94779891725
94779857552
94779843769
94779841388
94779841388
94779824686
94779822345
94779821990
94779811112
94779774369
94779774052
94779755152
94779737834
94779720895
94779719018
94779700391
94779684129
94779665622
94779661244
94779652820
94779648143
94779644301
94779617444
94779614691
94779592267
94779591244
94779523069
94779521286
94779508692
94779506511
94779501406
94779473811
94779444503
94779443605
94779399848
94779376302
94779370898
94779355665
94779355665
94779354708
94779333957
94779332547
94779312297
94779309280
94779232441
94779212128
94779190943
94779134471
94779131446
94779116018
94779098006
94779092870
94779038396
94779009601
94778971310
94778936518
94778931167
94778931167
94778929344
94778928724
94778904357
94778887095
94778836990
94778828928
94778822125
94778748779
94778696020
94778653047
94778639828
94778624813
94778624604
94778590245
94778568044
94778558638
94778546277
94778537933
94778522205
94778512332
94778502686
94778499878
94778499791
94778496207
94778488021
94778485723
94778426734
94778405412
94778387094
94778371659
94778342166
94778335721
94778307839
94778306242
94778257463
94778257433
94778254818
94778246134
94778242091
94778221306
94778219610
94778205237
94778204282
94778168187
94778161811
94778083461
94778080542
94778066870
94778029986
94778006353
94777991867
94777976063
94777953304
94777900058
94777870566
94777841709
94777776313
94777774905
94777774905
94777774652
94777748527
94777730567
94777713039
94777665078
94777629326
94777604501
94777561533
94777561533
94777547983
94777531115
94777481784
94777448198
94777440595
94777415675
94777394011
94777373440
94777367779
94777364724
94777363875
94777360653
94777342432
94777358687
94777306821
94777293354
94777290136
94777219400
94777215520
94777169977
94777160360
94777156067
94777138802
94777127838
94777117764
94777105526
94777073113
94777032935
94776968520
94776967560
94776944640
94776937245
94776928079
94776841289
94776825415
94776809051
94776791481
94776789244
94776782032
94776778091
94776772942
94776767903
94776757873
94776737027
94776708177
94776708177
94776706673
94776596287
94776593747
94776576522
94776548272
94776546524
94776529761
94776529761
94776524704
94776519524
94776510103
94776482819
94776472601
94776470762
94776448309
94776414860
94776414860
94776412134
94776384665
94776376133
94776361141
94776361133
94776359420
94776340578
94776308586
94776291894
94776274787
94776272839
94776321258
94776271274
94776257950
94776248653
94776226412
94776159415
94776149386
94776111148
94776098996
94776083662
94776077236
94776026091
94776002040
94776000670
94775987857
94775980603
94775961119
94775948596
94775947231
94775931080
94775892955
94775873374
94775833165
94775838546
94775815328
94775800569
94775772640
94775781429
94775721067
94775655977
94775655700
94775654669
94775643342
94775630061
94775579473
94775559832
94775510654
94775501447
94775470445
94775463612
94775421495
94775407665
94775395488
94775348734
94775333895
94775328652
94775295163
94775263446
94775226343
94775223694
94775202171
94775193263
94775168527
94775160644
94775137631
94775130462
94775120050
94775073317
94775053118
94775028149
94775022325
94774987438
94774918230
94774913606
94774856352
94774847210
94774830851
94774734609
94774721811
94774701862
94774686145
94774681551
94774659798
94774647200
94774647037
94774631924
94774601231
94774601013
94774595603
94774588578
94774576388
94774528211
94774524362
94774524122
94774498111
94774482808
94774476942
94774472065
94774470672
94774461737
94774454967
94774407570
94774397085
94774382510
94774341296
94774340866
94774338106
94774324920
94774285085
94774242234
94774223141
94774210449
94774156879
94774134471
94774134471
94774088784
94774071724
94774069502
94774065200
94774058592
94774055610
94774029689
94774022356
94774000987
94774000168
94773968594
94773931593
94773927326
94773852354
94773837542
94773817601
94773811564
94773756343
94773712006
94773712006
94773638825
94773632879
94773627216
94773624369
94773605664
94773585907
94773524744
94773508462
94773480273
94773458452
94773395114
94773379382
94773317717
94773315304
94773312041
94773310087
94773308230
94773288175
94773282443
94773260159
94773255631
94773250882
94773242430
94773234626
94773231234
94773227420
94773209571
94773204687
94773201939
94773188583
94773130652
94773129026
94773092486
94773081824
94773060624
94773035595
94773035541
94773014198
94772989802
94772965977
94772952045
94772932756
94772913370
94772883888
94772870122
94772857023
94772853212
94772783809
94772759578
94772730284
94772726035
94772707738
94772700549
94772697456
94772628679
94772634643
94772597112
94772596354
94772592724
94772590956
94772587425
94772559801
94772537562
94772515976
94772489506
94772472119
94772446940
94772427520
94772425664
94772395905
94772395905
94772395905
94772395905
94772395905
94772376157
94772370554
94772321853
94772316100
94772311997
94772304692
94772300532
94772252284
94772183627
94772178740
94772159322
94772141507
94772121003
94772090370
94772083724
94772057552
94772052445
94772037863
94772024403
94771960722
94771958948
94771946574
94771933275
94771916473
94771912007
94771867006
94771833982
94771800274
94771785817
94771729623
94771704146
94771704097
94771695274
94771668990
94771668447
94771656832
94771632125
94771629925
94771620577
94771595375
94771570292
94771559280
94771556837
94771500688
94771481519
94771481519
94771480068
94771458254
94771440978
94771435894
94771434344
94771384640
94771365052
94771363884
94771360596
94771295941
94771260928
94771232318
94771183903
94771178450
94771166508
94771156510
94771106055
94771096264
94771038673
94771036970
94770888496
94770873106
94770867295
94770838416
94770835161
94770777632
94770764995
94770749147
94770749147
94770748272
94770710564
94770707821
94770603212
94770594643
94770575329
94770564108
94770564107
94770554004
94770539174
94770506856
94770484869
94770448596
94770434557
94770403517
94770400551
94770388194
94770382026
94770379868
94770340153
94770324343
94770311202
94770272589
94770247731
94770232049
94770229592
94770201515
94770187027
94770184067
94770123812
94770095278
94770077771
94770059854
94769969803
94769959679
94769935618
94769881990
94769835783
94769802153
94769780155
94769689923
94769679771
94769607474
94769448159
94769445287
94769445287
94769380222
94769374827
94769364213
94769265381
94769234688
94769234688
94769217418
94769203857
94769200369
94769168968
94769064342
94769031648
94769028092
94769010881
94769002759
94769000471
94768975102
94768922728
94768920203
94768835793
94768786782
94768678533
94768664561
94768620630
94768587661
94768535029
94768501006
94768414437
94768383199
94768102712
94768091772
94768090693
94768069253
94768066726
94768058721
94768044541
94768024102
94767985338
94767928972
94767917741
94767909503
94767826664
94767810896
94767869565
94767869191
94767796831
94767756646
94767756646
94767731445
94767705821
94767682180
94767679349
94767637451
94767612477
94767611842
94767609546
94767590069
94767558190
94767544993
94767509044
94767505132
94767494762
94767474130
94767458384
94767454782
94767451789
94767434999
94767417594
94767408576
94767393521
94767354865
94767336786
94767303999
94767288922
94767288922
94767253773
94767208162
94767188086
94767150806
94767132719
94767128582
94767122176
94767088516
94767083291
94767063534
94767061280
94766975261
94766970695
94766904794
94766837957
94766830972
94766830407
94766822457
94766753660
94766753660
94766715683
94766709656
94766694578
94766689756
94766684896
94766675969
94766667311
94766654193
94766641898
94766515227
94766421236
94766421163
94766417920
94766346978
94766291338
94766227817
94766178403
94766172739
94766161320
94766130321
94766106336
94766050288
94766037394
94765912187
94765900214
94765854858
94765816045
94765764827
94765764544
94765762659
94765669382
94765588960
94765533389
94765415387
94765275140
94764854288
94764756988
94764721247
94764719990
94764615508
94764572628
94764572628
94764523446
94764443615
94764443615
94764394997
94764338415
94764264438
94764229091
94764204775
94764129822
94764083071
94764065753
94764020276
94764003272
94763967997
94763967997
94763967997
94763967997
94763967997
94763967997
94763967997
94763967997
94763967997
94763967997
94763944623
94763918542
94763871679
94763765509
94763765509
94763719757
94763708472
94763701949
94763692878
94763684828
94763660720
94763646825
94763613664
94763512525
94763479273
94763475183
94763433966
94763407843
94763356161
94763327420
94763306576
94763267807
94763239150
94763223667
94763183658
94763156449
94763138366
94763080467
94763072109
94763072109
94763062205
94763021124
94762985167
94762891758
94762750310
94762671849
94762390795
94762345250
94762323024
94762026697
94762005903
94761995010
94761648980
94761628731
94761599719
94761585190
94761552643
94761523862
94761523595
94761518219
94761446079
94761446079
94761242168
94761226704
94761167473
94761102676
94761009519
94760945560
94759106527
94758712033
94758695211
94758604444
94758583318
94758539782
94758536782
94758534763
94758334298
94758300798
94758154167
94758143232
94758133725
94758011908
94758002587
94757873746
94757789144
94757710572
94757700872
94757700872
94757610559
94757360517
94757297511
94757296580
94757273947
94757126257
94757020084
94757020084
94756834531
94756755561
94756730572
94756664525
94756560210
94756557770
94756349003
94756301981
94756262441
94756244378
94756121950
94756115565
94756031500
94755949782
94755949782
94755302076
94754965177
94754870277
94754841300
94754696904
94754753472
94754566948
94754318994
94754301499
94754285409
94754255351
94754242206
94754095006
94753940315
94754030180
94753776113
94753024280
94752915868
94752476735
94752418343
94752372991
94752295463
94752236511
94752231163
94752231163
94752133834
94751681737
94750653722
94750639821
94750612004
94750594741
94750517398
94750273810
94750250813
94750122528
94750122528
94750122528
94750122528
94750122528
94750122528
94750122528
94750122528
94750122528
94729952882
94729951655
94729840205
94729803155
94729799718
94729721449
94729615699
94729541406
94729492904
94729364777
94729336009
94729333815
94729112465
94729070264
94729039116
94729014422
94729002181
94728980532
94728911125
94728902592
94728887373
94728861196
94728826304
94728746982
94728692365
94728641408
94728588513
94728572758
94728537254
94728478734
94728400023
94728397028
94728388145
94728279164
94728253030
94728213868
94728204819
94728200998
94728155789
94728145075
94728137311
94728104888
94728074861
94728040297
94728018082
94727809075
94727809075
94727454601
94727431029
94727170818
94726992586
94726980085
94726978715
94726880252
94726825045
94726761592
94726699255
94726614350
94726551456
94726473732
94726464404
94726433544
94726427328
94726384571
94726328052
94726298104
94726247216
94726168049
94726061547
94726060293
94726051315
94726037009
94726017513
94726007530
94725945640
94725931648
94725886114
94725849016
94725840958
94725791901
94725770109
94725713138
94725701275
94725694050
94725644746
94725628854
94725612902
94725536554
94725414700
94725414700
94725401606
94725321666
94725312775
94725194807
94725184059
94725167101
94725040563
94724929834
94724918474
94724918074
94724875608
94724857433
94724788479
94724751926
94724731796
94724720100
94724594073
94724537859
94724451649
94724393314
94724385210
94724277101
94724254231
94724236254
94724215472
94724163617
94724032652
94724022841
94724016577
94723949501
94723949501
94723945709
94723903092
94723853409
94723846254
94723782611
94723740737
94723692225
94723592001
94723299040
94723273390
94723248225
94723093592
94723009054
94722817851
94722811625
94722740490
94722670096
94722652754
94722549009
94722235150
94722234608
94722177873
94722177414
94721923266
94721921182
94721911167
94721709230
94721575831
94721512674
94721402319
94721317614
94721259805
94721256133
94721238875
94721170450
94720508590
94720104929
94719987164
94719845253
94719845253
94719845142
94719749039
94719742790
94719734555
94719719788
94719599068
94719593085
94719593085
94719593085
94719593082
94719572928
94719567511
94719538213
94719480352
94719442782
94719412811
94719393997
94719332629
94719320312
94719319011
94719314376
94719313083
94719215887
94719185622
94719122174
94719102469
94719051433
94718982159
94718969695
94718944811
94718910865
94718882344
94718698424
94718565623
94718495784
94718494066
94718457741
94718441208
94718422185
94718410886
94718399078
94718397599
94718366434
94718366434
94718362938
94718399078
94718346683
94718335147
94719395085
94719161281
94718966234
94718327284
94718322156
94718313606
94718313191
94718289906
94718245578
94718234420
94718224836
94718209075
94718173128
94718157855
94718136867
94718113951
94718086222
94718049011
94718032846
94718024109
94717992288
94717966054
94717957446
94717938554
94717937890
94717923697
94717908566
94717906455
94717877089
94717875281
94717873385
94717807389
94717767915
94717746534
94717739218
94717720655
94717705112
94717697112
94717692795
94717687285
94717658458
94717619664
94717597315
94717581208
94717558033
94717557597
94717553923
94717540479
94717517660
94717493307
94717484041
94717477384
94717459194
94717446890
94717429968
94717426599
94717401963
94717396119
94717390770
94717383374
94717376342
94717374605
94717371402
94717347166
94717337617
94717319221
94717293094
94717254922
94717251879
94717236920
94717228203
94717203106
94717192768
94717188398
94717183924
94717165527
94717156894
94717134686
94717061292
94717033361
94717029071
94717025154
94717002219
94716959336
94716949383
94716935535
94716903481
94716882860
94716865705
94716797823
94716796137
94716784735
94716712303
94716695338
94716692271
94716686069
94716669920
94716650718
94716643213
94716642425
94716620205
94716613866
94716587527
94716581566
94716566010
94716541164
94716540139
94716515110
94716509948
94716432675
94716432675
94716427778
94716407097
94716405755
94716405000
94716394268
94716370249
94716339174
94716313062
94716312918
94716304640
94716288450
94716275055
94716255165
94716235916
94716219197
94716201282
94716120595
94716094946
94716046732
94716042927
94716039253
94716029530
94716027964
94716021327
94716006021
94715951947
94715915260
94715915260
94715913824
94715905209
94715865771
94715800827
94715769119
94715682414
94715675328
94715672310
94715649667
94715647033
94715645884
94715638159
94715636838
94715634843
94715625266
94715625004
94715615730
94715578845
94715461717
94715420137
94715377141
94715361939
94715315251
94715309350
94715304757
94715266132
94715254905
94715254905
94715254731
94715241889
94715177252
94715160001
94715121481
94714920745
94714902769
94714886685
94714830950
94714830670
94714830670
94714788437
94714788437
94714784777
94714732313
94714699526
94714696832
94714686749
94714686749
94714676901
94714664300
94714639619
94714614482
94714591638
94714513535
94714496557
94714472071
94714436384
94714435516
94714432516
94714419619
94714412454
94714417585
94714376731
94714343943
94714343270
94714284578
94714278409
94714233740
94714191838
94714206288
94714186962
94714169547
94714169116
94714147510
94714097183
94714070716
94713991521
94713984736
94713960320
94713936154
94713908781
94713885185
94713840773
94713827424
94714039080
94714011360
94713827344
94713799022
94713795044
94713792909
94713792174
94713778288
94713726268
94713711752
94713660707
94713645063
94713641511
94713625703
94713587027
94713584034
94713576225
94713564562
94713475757
94713453197
94713647222
94713449651
94713443128
94713443128
94713435681
94713430127
94713426552
94713423451
94713707496
94713415572
94713413436
94713398907
94713395664
94713650622
94713313398
94713223104
94713233572
94713745098
94713161511
94713183475
94713332543
94713141653
94713029462
94713111395
94713020657
94712979037
94712968738
94712941758
94712966653
94712919884
94712907637
94712903634
94712900557
94712873201
94712868407
94712858821
94712839144
94712824294
94712813006
94712811402
94712785086
94712775121
94712763402
94712761237
94712745280
94712744159
94712742000
94712721959
94712711663
94712709105
94712699717
94712690433
94712684845
94712655516
94712625872
94712588127
94712585497
94712543128
94712536465
94712507238
94712494045
94712492477
94712453872
94712450670
94712447385
94712439960
94712432920
94712431554
94712417578
94712408886
94712404845
94712402525
94712402525
94712397715
94712389274
94712374513
94712361583
94712307393
94712266534
94712240645
94712234524
94712224042
94712215333
94712139567
94712139204
94712124332
94712120056
94712104270
94712103261
94712096847
94712070041
94712069770
94712068952
94712047275
94712024695
94712005812
94711990793
94711990392
94711984160
94711981826
94711971253
94711960352
94711949469
94711948922
94711933604
94711903244
94711879149
94711848100
94711846487
94711844425
94711834099
94711819425
94711818755
94711777970
94711773980
94711753911
94711719032
94711684312
94711681737
94711669495
94711637506
94711606368
94711604403
94711556256
94711511696
94711506238
94711494324
94711475780
94711474824
94711433169
94711423166
94711373644
94711373644
94711371174
94711300584
94711295920
94711287461
94711249764
94711233287
94711213935
94711204864
94711116979
94711109946
94711069356
94711057099
94711045616
94711041864
94710997080
94710990154
94710977498
94710976117
94710976094
94710879686
94710799202
94710727625
94710718821
94710712446
94710666706
94710629443
94710615551
94710542547
94710509713
94710506673
94710498261
94710463186
94710462837
94710462813
94710404889
94710386743
94710381014
94710326146
94710249484
94710154972
94710129548
94709881444
94705940420
94705313807
94710103586
94705290360
94705186522
94705168517
94704847213
94703711415
94703636141
94703524351
94703505454
94703289152
94702952982
94703013666
94702949433
94702933566
94702901698
94702901698
94702901042
94702837469
94702835766
94702834595
94702803871
94702753907
94702691709
94702546994
94702543640
94702496004
94702456235
94702452355
94702418613
94702380570
94702370615
94702232327
94702232327
94702231299
94702228523
94702136304
94702125900
94702109279
94702105310
94702069942
94702059880
94702001176
94665712784
94665681278
94665680106
94664925399
94663668352
94662255275
94635688049
94635680467
94635616261
94635610339
94634900879
94632244148
94632244131
94632051497
94572224777
94555789257
94555780721
94555754101
94555616553
94555612375
94555072593
94525684366
94525684148
94524924606
94524924606
94524924606
94524924606
94524924606
94524924606
94475688382
94472236146
94455739350
94442982999
94375872130
94375736910
94372282069
94355719044
94354922532
94352265210
94352248867
94352248867
94352222233
94352222233
94352222233
94352222205
94345714342
94343305375
94342264875
94342264875
94342251912
94333838314
94332271390
94325784683
94325634368
94312262000
94312262000
94312262000
94312262000
94312262000
94312262000
94312255300
94312255300
94312255300
94312255300
94312255300
94312255300
94312255300
94275788906
94275784894
94275784894
94275716634
94275715611
94275715341
94275687761
94275685444
94275684526
94275674453
94275626066
94275622665
94275617551
94275615915
94275610154
94273275893
94273275893
94273270510
94272247870
94272247870
94272247870
94272245423
94272223443
94272222235
94272222019
94272222019
94272222019
94272222019
94272222019
94272222019
94272222019
94272050303
94255682195
94245610489
94212211727
94212211721
94114592553
94112861331
94112861331
94112861331
94112861331
94112861331
94112861331
94112861331
94112861331
94112861331
94112861331
94112861331
94112861331
94112861331
94112861331
94112861331
94112861331
94112861331
94112861331
94112861331
94112861331
94112861331
94112861331
94112861331
94112861331
94112861331
94112861331
94112861331
94112861331
94112861331
94112861331
94112861331
94112861331
94112861331
94112861331
94112861331
94112861331
94112861331
94112861331
94112861331
94112861331
94112861331
94112861331
94112861331
94112861331
94112861331
94112861331
94112861331
94112861331
94112861331
94112861331